# Created by Octave 4.2.2, Tue Dec 15 14:27:20 2020 PST <root@RyzenLinux>
# name: freqerr
# type: matrix
# rows: 71
# columns: 1
 1.437606645556297
 -1.048471058949322
 2.246904808785237
 -0.4765310041500167
 -4.299699595248084
 -1.209662906665869
 -2.958394041245002
 4.629623970124563
 1.508952771442841
 -4.542497367744351
 0.3117094678837202
 1.147206708188879
 -3.330984921885998
 3.058901102621006
 -0.6556796262338774
 -0.3511760144482241
 -3.33738388737678
 3.987729051220156
 -3.600868460853012
 -3.699953673972137
 -2.18508380998106
 -1.093932840690216
 -2.970349370020049
 0.3017797254531377
 2.266153413615283
 2.657463527846894
 -6.105141675953293
 -5.259070907966548
 3.20666603329115
 2.682504918608644
 3.760569107273624
 0.2319938318861916
 -3.490893829854115
 -0.9211319740682089
 2.784354451213539
 -2.12808994021772
 2.562549553778312
 5.113831732172201
 2.064255008712994
 -0.319884967444334
 -5.486271041393809
 0.5224393001029721
 5.060300802299253
 -0.6740328994978259
 -0.148462858546084
 -1.430579866768241
 0.01305012816690568
 -0.4587999648745226
 -0.8184382670890382
 -2.390126693995603
 -1.601953154421612
 0.1544214139151468
 -0.9029966198967662
 -6.990627263711578
 -4.073040971840626
 0.7028536065169423
 1.463672831914653
 3.53416256633974
 2.978411955571212
 0.9803569924860831
 0.4777855768891348
 0.971799825764077
 2.096032837465402
 0.9552918077251126
 -2.247601304268865
 -4.395381710691761
 -5.2817652335385
 2.253032170812109
 -1.007487855517559
 0.7241921997466338
 -6.663849081064133


# name: rfamp
# type: matrix
# rows: 71
# columns: 1
 -14.57680991285281
 -4.564528783591441
 -2.012365265343668
 -7.024885816522924
 -15.32443643755494
 -0.4892716854940158
 -4.314207599437462
 -7.943117829238991
 -5.385449197663771
 -2.729603390126139
 -6.165873610820803
 -13.00915087071557
 -3.12363860551267
 -6.488544980659213
 -16.91534087750598
 -11.50268195106144
 -7.894214636916673
 -12.43566961983196
 -6.875053977985478
 -18.36159095101497
 -16.25195322893111
 -1.022469779286462
 -11.7593089947588
 -0.5162151902795196
 -3.83814618198726
 -14.9165134610895
 -18.27807677890038
 -10.55702260678223
 -19.6883482215646
 -5.913577666738802
 -17.59862351290296
 -16.06137996868334
 -12.39981403324441
 -1.716848261887075
 -11.89704456820512
 -9.703169616174401
 -9.430948973601584
 -10.29399258222014
 -0.7719487906804887
 -12.5155696137355
 -7.091980885087676
 -14.18114795644459
 -7.83015770431826
 -12.28167693632283
 -13.52743917815618
 -5.318355488619341
 -7.384237522699656
 -11.02213102740845
 -14.46729253597035
 -5.673978187412602
 -3.038127449991626
 -19.80221256608427
 -4.23929053743663
 -14.45492362492289
 -16.80494954310701
 -7.200863584009004
 -17.05683862561831
 -13.95761482377515
 -18.01571488131908
 -13.74404018406685
 -0.915576783038071
 -4.179959235141673
 -16.52625104176495
 -3.394011884950058
 -17.56377358770532
 -5.040486477884966
 -15.8139348954807
 -2.582889367305819
 -2.755367676470967
 -5.15259287840434
 -2.388157043141085


